-3034.0
-1005.0
-1003.0
-910.0
-1107.0
-833.0
-1423.0
-4372.0
-843.0
-1103.0
-917.0
-878.0
-883.0
-1259.0
-744.0
-705.0
-613.0
-607.0
-517.0
-2046.0
-1512.0
-1438.0
-2563.0
-571.0
-3950.0
-433.0
-926.0
-939.0
-1434.0
-4005.0
1053.0
1079.0
-903.0
-985.0
1079.0
1031.0
1069.0
932.0
1035.0
1085.0
1085.0
1085.0
1085.0
1085.0
1035.0
-804.0
1085.0
1085.0
1085.0
1085.0
1085.0
1085.0
1085.0
1085.0
1085.0
1085.0
1085.0
1085.0
1085.0
1085.0
1085.0
1085.0
1085.0
1085.0
1085.0
1085.0
1085.0
1085.0
1085.0
-901.0
1085.0
1085.0
1085.0
1085.0
1085.0
1085.0
1085.0
1085.0
1085.0
1085.0
1085.0
1073.0
1035.0
1085.0
1085.0
1085.0
-903.0
1085.0
1085.0
1085.0
1085.0
1085.0
1085.0
1085.0
1085.0
1085.0
1085.0
1083.0
1035.0
1085.0
