-1071.0
-1018.0
-1001.0
-1001.0
-1051.0
-1208.0
-1202.0
-905.0
-969.0
-941.0
-979.0
-1162.0
-906.0
-1086.0
-949.0
-965.0
-1012.0
-1144.0
-1015.0
-972.0
-942.0
-963.0
-869.0
-1071.0
-1053.0
-850.0
-811.0
-865.0
-1043.0
-879.0
-1784.0
-836.0
-727.0
-1184.0
-737.0
-964.0
-667.0
-820.0
-1026.0
-905.0
-518.0
-522.0
-542.0
-542.0
-535.0
-623.0
-498.0
-478.0
-905.0
-751.0
1073.0
973.0
-1663.0
-665.0
775.0
-476.0
-425.0
1013.0
1027.0
1033.0
1033.0
983.0
933.0
980.0
983.0
983.0
1081.0
1033.0
1078.0
1083.0
1083.0
933.0
1030.0
1083.0
1083.0
1079.0
1033.0
983.0
933.0
1083.0
1081.0
1033.0
983.0
1033.0
1083.0
1083.0
1033.0
981.0
1082.0
1083.0
1083.0
1083.0
1083.0
1083.0
879.0
1083.0
1083.0
1033.0
1083.0
1083.0
